Posicao na coleta,Gênero do vídeo,Tipo de produtor,Categoria do vídeo,guideCategory,Taxa de engajamento,Idioma,Posicao Geral,Id do canal,Canal,Inscritos no canal,Id do vídeo,Data de publicação,Diferenca de horas entre postagem e coleta,Título do vídeo,Descrição do vídeo,Tags do video,Duração do vídeo,Visualizações,Gostei,Comentários,thumbnail_maxres,Pais
1,,,10,"Pop_music, Music, Hip_hop_music, Entertainment, Film",16.42%,pt,1,UCXBPFEVfOPPBop4-ICdA0iA,AniRap,1860000,bAo8kxGuEjQ,2026-05-08T21:30:06Z,11.57 horas,♪ Diego  (Sense Life)  | ADAPTAÇÃO | AniRap,"▶ Anime: Sense Life

Pré venda artbook (Sense Life): 

Amazon: https://amzn.to/4uAfwUP
Loja MPEG: https://mpeg.com.br/sense-life-artbook-a-jornada

- Ajude o Canal -

▶ Spotify: https://open.spotify.com/artist/0rVzRhHB7PRsiNlRn2wc4B
▶ Deezer: https://www.deezer.com/br/artist/71165092
▶ Apple Music: https://music.apple.com/br/artist/anirap/1476563414

 Contato: 

▶ Email: publicidadeanirap@gmail.com
▶  Instagram: @anirap_oficial

Créditos -

▶ Voz/Letra: AniRap
▶ Mixagem/Masterização: ‪ @ArkKing
▶ Editor: DanZ,Yuki,Betto,RMDS,Aizawa,Kukki,Jotta,Wata,Manodinha,Grey e Vetan
▶ Beatmaker: @ArkKing
▶ Thumb: @MSdaiki 
▶ Ilustração: @ml.jotta","rQrT45Z65MAniRap, %/AniRap/ Rap de animes/%, rap, geek, anirap, ani, anime, rap geek, sad geek, desabafo, sense life, adaptação, anime rap, música geek, trap anime, diego sense life, rap anime, amv, edit anime, geek brasil, otaku brasil, rap nacional, anime music, chrono, m4rkim, 7 minutoz, basara, youtube, viral, fyp, tiktok, música brasileira, anime edit, otaku, manga, kaleb vs diego, diego vs kaleb, kaleb anirap, diego anirap, anirap diego, diego basara, basara diego",00:03:02,187299,29304,1445,https://i.ytimg.com/vi/bAo8kxGuEjQ/maxresdefault.jpg,BR
2,,,24,"Entertainment, Film",9.44%,pt,2,UCt_4wzTQqmcUvemNkeO0plA,Ei Nerd,14500000,reD-IwrSp7w,2026-05-08T21:10:00Z,11.91 horas,O MELHOR FILME DO ANO VEM AÍ! A ODISSÉIA - ANÁLISE COMPLETA DO TRAILER,"Se liga que tem música nova chegando! Então já salva a data e faz o pre-save:  https://onerpm.link/Parede 
--------------------------------------------------------------
O trailer de A Odisséia acabou de sair e o Nolan já transformou uma história de 3 MIL ANOS em um dos filmes mais hypados do ano! Ciclopes, monstros, mitologia grega, Guerra de Troia, Cavalo de Troia, mundo dos mortos e uma jornada épica absurda… mas o trailer também trouxe umas escolhas muito estranhas que dividiram a internet.

Nesse vídeo vamos analisar os detalhes do trailer de A Odisséia, explicando quem é Odisseu, Penélope, Telêmaco, Polifemo, os pretendentes, os gigantes, o mundo dos mortos e as referências diretas à obra original de Homero. Bora falar de Christopher Nolan, Matt Damon, Tom Holland, Anne Hathaway, Robert Pattinson, mitologia grega, Guerra de Troia, fantasia épica, cinema raiz, Percy Jackson, God of War, Piratas do Caribe e o que pode ser o MELHOR FILME DO ANO!

#AOdisséia #ChristopherNolan #Hollywood #TomHolland #RobertPattinson #MattDamon #Zendaya #MitologiaGrega #GuerraDeTroia #PercyJackson  
--------------------------------------------------------------
🌐 Quer ficar por dentro de tudo que acontece no mundo da cultura pop? Acesse: https://www.einerd.com/
--------------------------------------------------------------
📝  Roteiro: Rodrigo Sá
🎬  Edição: Fael
🎨  Thumbnail: Darllyson Design
🧠  Direção de Conteúdo: Caio Rohen
--------------------------------------------------------------

💪😎 WheyNerd já disponível para compras, acesse: https://loja.wheynerd.com.br/
Seja um afiliado: https://afiliados.wheynerd.com.br/register

💡 𝗔𝗽𝗼𝗶𝗲 𝗻𝗼𝘀𝘀𝗼 𝗰𝗮𝗻𝗮𝗹:
✓ Crie sua conta na Hotmart e seja um afiliado: https://hotm.art/PJHotmartAfiliados
✓Você quer viver de Youtube? → https://rebrand.ly/viver-de-youtube

📧 𝐂𝐨𝐧𝐭𝐚𝐭𝐨:
✓ Comercial e novos negócios → comercial@einerd.com

🔔 𝐏𝐞𝐭𝐞𝐫 𝐉𝐨𝐫𝐝𝐚𝐧: 
✓ Instagram e Facebook →  @petjordan 
✓ Meu canal de viagem e vlogs → https://www.youtube.com/@malafeitatv

🔔 Breno Jordan: 
✓ Instagram e TikTok → @brenojordan_

Acesse nosso portal: https://www.einerd.com/

♬ 𝘔𝘶́𝘴𝘪𝘤𝘢𝘴:
✓ Music by Epidemic Sound","Nerd, ei nerd, peter jordan, UCM, MARVEL, DC, DC COMICS, CINEMA, FILMES, ANIMES, QUADRINHOS, HQS, SERIES, GEEK, CULTURA POP, SERIADOS, HERÓIS, SUPER HEROIS",00:16:48,118586,10832,359,https://i.ytimg.com/vi/reD-IwrSp7w/maxresdefault.jpg,BR
3,,,20,"Role-playing_video_game, Video_game_culture, Action-adventure_game, Action_game",8.04%,pt-PT,3,UCIXguhHCl8eDTkXpEuiGPUA,Jazzghost,23600000,JFSfawPGthA,2026-05-08T16:22:52Z,16.70 horas,O JOGO MAIS ASSUSTADOR DE 2026!,"Um rapaz recebe em seu computador 5 vídeos extremamente assustadores. E nós temos que vivenciar esses cinco vídeos tomando vários sustos no processo. CONFIRA E SARAIVA O LIKE!
●Nome do Jogo: Don't Play This
======================
●Instagram: julianoab
●Email de contato: jazzghost@gmail.com","jazzghost, jazz, Don't Play This",00:47:10,795421,60080,3881,https://i.ytimg.com/vi/JFSfawPGthA/maxresdefault.jpg,N/A
4,,,10,"Music, Music_of_Latin_America, Pop_music",3.91%,pt-BR,4,UCQeEhNgnlXYuMUsEk98-Ecw,Amado Batista,4240000,d1raRDiZL1g,2026-05-08T14:01:16Z,19.06 horas,Amado Batista ft. Léo Magalhães - Não Quero Falar com Ela - 50 Anos,"Música do novo DVD ""Amado Batista 50 Anos""
INSCREVA-SE NO MEU CANAL: http://bit.ly/CanalAmadoBatista

Já disponível nas plataformas digitais. Compre ou ouça em
https://virginmusicbr.lnk.to/AmadoBatista50Anos-LadoA

Amado Batista
Música: Não Quero Falar com Ela
Compositor: Amado Batista / Reginaldo Sodre 

- - - - - - - - - - - - - - -

Contato para shows
(62) 99702-0700 / (11) 93803-4613
Artista Exclusivo - Power Promoções e AB Promoções

- - - - - - - - - - - - - - -

Acompanhe Amado Batista nas redes sociais:

Facebook: https://www.facebook.com/cantoramadobatista
TikTok: https://www.tiktok.com/@cantoramadobatista
Instagram: https://www.instagram.com/amadobatistaoficial
Site: http://www.amadobatista.com.br

- - - - - - - - - - - - - - -

Virgin Music
AB Music
Power Promoções
Agência Barcelos

#amadobatista #50anos #naoquerofalarcomela #leomagalhaes","Amado Batista 50 Anos, amado batista, leo magalhaes, principes, princesas, não quero falar com ela, seresta, seresteiro da noite, romantico, musica sertaneja, top sertanejo",00:05:13,96239,3620,141,https://i.ytimg.com/vi/d1raRDiZL1g/maxresdefault.jpg,BR
5,,,20,"Racing_video_game, Video_game_culture, Vehicle, Lifestyle_(sociology)",8.97%,en-US,5,UCydtMNspoPAlqBjFSGnigSw,Forza,595000,oYhaW-Vr4wg,2026-05-08T15:00:16Z,18.07 horas,Forza Horizon 6 – Official Launch Trailer,"Discover the breathtaking landscapes of Japan in over 550 real-world cars and become a racing Legend in Forza Horizon's biggest open world driving adventure yet. Japan awaits!

Coming to Xbox and PC on May 19, 2026; coming to PlayStation in 2026.

Pre-order Forza Horizon 6 now: https://forza.net/forzahorizon6
_______________________  
FOLLOW FORZA
Official Site – http://forza.net/
Discord – https://discordapp.com/invite/forza

FOLLOW FORZA HORIZON
Twitter – https://twitter.com/forzahorizon
Instagram – https://www.instagram.com/forzahorizonofficial/
Facebook – https://www.facebook.com/ForzaHorizon/
TikTok – https://www.tiktok.com/@forzahorizon
Whatsapp - Forza Horizon","Forza Horizon 6, Forza Horizon, Forza Horizon 6 Launch Trailer, Launch Trailer, FH6, FH6 Launch Trailer, Forza Horizon Japan",00:01:36,658977,55968,3169,https://i.ytimg.com/vi/oYhaW-Vr4wg/maxresdefault.jpg,US
6,,,20,"Role-playing_video_game, Video_game_culture, Action-adventure_game, Action_game",5.76%,pt-BR,6,UCR-Y4lWmrCYbr1XavmNMlvQ,Canal Clash War,14800000,bmjK-TxfI3E,2026-05-08T22:30:08Z,10.57 horas,ENTREI NA BASE DO TOP 1 DO MUNDO… E OS PETS DELE ME ASSUSTARAM 😳🔥 (BRAINROT),"Seja membro deste canal e ganhe benefícios:
https://www.youtube.com/channel/UCR-Y4lWmrCYbr1XavmNMlvQ/join

►Discord LCW ➜https://discord.gg/canalclashwar
►Instagram➜https://instagram.com/luanclashwar
Contato Profissional: contato@clashwar.org (APENAS PARA EMPRESAS)",,00:28:30,246246,11958,2217,https://i.ytimg.com/vi/bmjK-TxfI3E/maxresdefault.jpg,BR
7,,,10,"Pop_music, Music, Music_of_Latin_America",18.00%,pt,7,UCQRBaPdOmWAlw0B1ir1yxoA,Seu Desejo,1240000,r1sXP2Cv_Po,2026-05-09T00:00:59Z,9.06 horas,"Seu Desejo, Luísa Sonza - ""Seu Desejo"" | DVD O Tempo Não Para (Ao Vivo em São Paulo)","SEU DESEJO ft. Luísa Sonza

Letra:
Me pega em casa às nove 
Mas por favor tentar não se atrasar 
Hoje cê tá com sorte 
Minha boca tá louca pra te beijar 

Imagina nós dois trancados  
Em um quarto em luzes de neon 
Fazendo aquele amor 
e “Seu Desejo” tocando no som 

Vai ser seu corpo no meu corpo nu 
No seu ouvido eu dizendo “I love you”  
O ar ligado e nós 2 suados 
Fazendo amor com relógio parado

Vai ser seu corpo no meu corpo nu 
No seu ouvido eu dizendo “I love you”  
O ar ligado e nós 2 suados 
Fazendo amor com relógio parado

Composição
(Leo de Paula/ Kássio Ferreira / Eduardo Tankain) 

#luisasonza #seudesejo #saopaulo 
#seudesejoeluisa","yara tchê, alessandro, dvd, beijos blues e poesia, luisa sonza, luisa sonza penhasco, luisa sonza anaconda, seu desejo, baby i love you, dvd sao paulo, luisa sonza que o amor morra, seu desejo nosso tempo é agora, novo dvd, música, forro romantico, pop, forró romântico, wesley safadao, eu lembro beijos blues e poesia, luísa sonza, amuleto de azar seu desejo, single, música ao vivo, luiza sonza, modo turbo, anitta, anitta equilibrium, ludmilla e rafaella santos, universal",00:02:47,26921,4069,777,https://i.ytimg.com/vi/r1sXP2Cv_Po/maxresdefault.jpg,BR
8,,,1,"Film, Entertainment",0.34%,en,8,UCOn923UnbV8H9zo_lO6ZCRw,Independent Film Company,469000,JHMPxTWI4sQ,2026-05-06T15:52:43Z,65.20 horas,"MOTOR CITY | Teaser Trailer ft. Alan Ritchson, Shailene Woodley | Independent Film Company","In 1970s Detroit, a working-class romantic is framed by a ruthless gangster after falling for his girlfriend. After years in prison, he returns with only one mission: revenge.

In Theaters July 24th

Directed by: Potsy Ponciroli
Starring: Alan Ritchson, Shailene Woodley, Pablo Schreiber, Ben Foster

#IndependentFilmCompany 

Subscribe to Independent Film Company: https://bit.ly/2K4KMZV

Follow Independent Film Company: 
Instagram: https://www.instagram.com/independentfilmco/
TikTok: https://www.tiktok.com/@independentfilmco
Facebook: https://www.facebook.com/IndependentFilmCo
X: https://x.com/IndieFilmCom
Threads: https://www.threads.com/@independentfilmco
YouTube: https://www.youtube.com/@IndependentFilmCompany
Website: https://www.independentfilmco.com/","IFC films, IFC, films, film, ifc, teaser trailer, ifc teaser trailer, coming soon to ifc, IFC Films coming soon, new films on ifc, teaser, independent film company teaser, independent film company, independent film company trailer, ifc films, independent company movies, Alan Ritchson, Shailene Woodley, Pablo Schreiber, Ben Foster, MOTOR CITY, Potsy Ponciroli, teaser trailer independent film company, motor city teaser trailer, teaser trailer motor city, teaser trailer ifc",00:01:29,647057,2104,121,https://i.ytimg.com/vi/JHMPxTWI4sQ/maxresdefault.jpg,US
9,,,20,"Role-playing_video_game, Video_game_culture, Action_game",0.63%,en-US,9,UCHYA5HNaS5n4idxmP-at8nA,StanRP,1560000,N1hTWENE2F8,2026-05-09T02:19:36Z,6.75 horas,roblox best gameplay,Roblox insane moment aura #roblox #shorts #usa,"roblox, granny, free fire, live roblox, roblox shorts, shorts feed, 67, six seven, meme reset, singing brainrot song, great meme reset",00:00:10,654046,4131,2,https://i.ytimg.com/vi/N1hTWENE2F8/maxresdefault.jpg,US
10,,,10,"Rhythm_and_blues, Music, Hip_hop_music, Pop_music, Electronic_music",11.06%,en,10,UCcYrdFJF7hmPXRNaWdrko4w,Chris Brown,29900000,qRNXrz_MyFw,2026-05-08T16:00:02Z,17.08 horas,Chris Brown - For The Moment (Official Video),"Stream ""For The Moment"" Here: https://chrisbrown.lnk.to/BROWN

Follow Chris Brown: 
Instagram: https://instagram.com/chrisbrownofficial   
X: https://x.com/chrisbrown 
TikTok: https://www.tiktok.com/@chrisbrownofficial
Facebook: https://facebook.com/chrisbrown   


#ChrisBrown #BROWN #ForTheMoment #RnB #officialvideo","chris brown, bryson tiller, it depends, chris brown it depends, rnb, chris brown 11:11, chris brown tour, breezy bowl, chris brown new music, residuals, chris brown bryson tiller, bryson tiller new music, chris brown type beat, it depends lyrics, chris brown it depends lyrics, Usher, Chris Brown feat. Bryson Tiller & USHER, It Depends (The Remix), Leon Thomas, Chris Brown feat. Leon Thomas, Fallin'",00:04:02,594777,59585,6212,https://i.ytimg.com/vi/qRNXrz_MyFw/maxresdefault.jpg,N/A
11,,,24,"Film, Entertainment",13.23%,pt,11,UCC1QUJZGfqrSGwwYXvZhqig,Isabela Boscov,1100000,xXOwh9fZNCo,2026-05-07T22:58:55Z,34.09 horas,"Isa e Roberto discutem o trailer de ""A Odisseia"" de Chris Nolan","Isabela Boscov e o seu convidado Roberto Sadovski tomam café e conversam sobre o Trailer de ""A Odisseia"" de Christopher Nolan

Visite as minhas redes sociais e o meu blog para ver críticas e dicas de filmes e séries.
Instagram: https://www.instagram.com/realisabelaboscov/
X (Twitter): https://twitter.com/BoscovIsabela
Letterboxd:  @IsaBoscovReal
TikTok: https://www.tiktok.com/@isabelaboscov
Facebook: https://www.facebook.com/isaboscov/videos
Blog: https://www.isabelaboscov.com","Isabela Boscov, Crítica, Café com a Boscov, Roberto Sadovski, Cinema",00:26:40,25270,3031,312,https://i.ytimg.com/vi/xXOwh9fZNCo/maxresdefault.jpg,BR
12,,,22,"Role-playing_video_game, Simulation_video_game, Video_game_culture, Action-adventure_game, Lifestyle_(sociology)",5.80%,pt-BR,12,UCdK8veAN0I3-9gs2Xqa7v9A,Amy Scarletona,3350000,uGaW4lLvJh8,2026-05-08T23:00:59Z,10.06 horas,ZEREI A O ESTÁGIO IMPOSSÍVEL DO PARKOUR DE TECLADOS NO ROBLOX,,,00:18:29,143110,7662,633,https://i.ytimg.com/vi/uGaW4lLvJh8/maxresdefault.jpg,N/A
13,,,10,"Music, Pop_music, Music_of_Asia, Entertainment, Performing_arts",31.55%,ko,13,UC9rMiEjNaCSsebs31MRDCRA,Stray Kids,23700000,F0UIsSnotlA,2026-05-08T15:00:02Z,18.08 horas,"HAN ""back to life"" | [Stray Kids : SKZ-PLAYER]","한(HAN) ""back to life"" | [Stray Kids(스트레이 키즈) : SKZ-PLAYER(슼즈 플레이어)]

[Credits]
Lyrics by : 한 (3RACHA), ELVYN 
Composed by : 한 (3RACHA), Vendors(Helixx) 
Arranged by : Vendors(Helixx) 
Original Publisher : JYP Entertainment, Vendors Publishing, NO THEORY Inc. 
Sub-publisher : JYP Entertainment, Copyright Control, Fujipacific Music Korea Inc. 

[HAN ""back to life"" Lyrics]
I still don’t know why I should live a lie
(Not afraid, not afraid of losing everything I have)
 
Am I wrong or right?
You’ll know it in time
(I don’t need help, I don’t need help ’cause I can handle anything)
 
Rise till we end this fight
We’re leaving no room for regret
Cut the fake, just stick to the truth
 
I keep my head up high
Through all this pain
I’m letting it out
 
I’m aiming high to feel alive
Nothing’s gonna drag me down
Every scar is proof I tried
You’ll never see me caught off guard
 
They say “give it up”
Tell ’em “not enough”
Count my losses the whole night
Yeah, you know I don’t care how many times I fall
’Cause I’ll come back to life
 
In the sunlight, in the moonlight
I was out of sight, did you know?
Seems like they really want me to be alone

Every story, different endings
Let’s see it with our own eyes
Walking straight into the future
I won’t look back at the past
 
Oh hide this fear deep inside
Who I used to be, I’ll forget
Take a breath, become someone new
 
I keep my head up high
Through all this pain
I’m letting it out
 
I’m aiming high to feel alive
Nothing’s gonna drag me down
Every scar is proof I tried
You’ll never see me caught off guard
 
They say “give it up”
Tell ’em “not enough”
Count my losses the whole night
Yeah, you know I don’t care how many times I fall
’Cause I’ll come back to life
 
My mind’s lucid, done being foolish
Finally, I’m now breaking free
Racing to the place that makes us who we are yeah
 
Hey
They say “give it up”
Tell ’em “not enough”
Count my losses the whole night
Yeah, you know I don’t care how many times I fall
’Cause I’ll come back to life
 
They say “give it up”
Tell ’em “not enough”
Count my losses the whole night

Yeah, you know I don’t care how many times I fall
Come let’s go back to life 

Listen to ""별, 빛 (STAY)"" now🌟
https://Stray-Kids.lnk.to/STAY 

Listen to ""DO IT"" now☁️
https://Stray-Kids.lnk.to/DOIT

Listen to ""Do It (Remixes)"" now🎊
https://Stray-Kids.lnk.to/DoItRemixes

Stray Kids ""DO IT""
iTunes & Apple Music: https://Stray-Kids.lnk.to/DOIT/AppleMusic
Spotify: https://Stray-Kids.lnk.to/DOIT/Spotify

Stray Kids ""Do It (Remixes)""
iTunes & Apple Music: https://Stray-Kids.lnk.to/DoItRemixes/AppleMusic
Spotify: https://Stray-Kids.lnk.to/DoItRemixes/Spotify

Stray Kids Official YouTube: https://www.youtube.com/c/StrayKids
Stray Kids Official Twitter: https://twitter.com/Stray_Kids
Stray Kids Official Instagram: https://www.instagram.com/realstraykids/
Stray Kids Official TikTok: https://www.tiktok.com/@jypestraykids
Stray Kids Official Facebook: https://www.facebook.com/JYPEStrayKids/
Stray Kids Official Threads: https://www.threads.com/@realstraykids
Stray Kids Official FANS (Android) https://play.google.com/store/apps/details?id=com.jype.fans
Stray Kids Official FANS (iOS) https://apps.apple.com/app/fans-for-fans-artists/id6474999628

#StrayKids #스트레이키즈
#한 #HAN
#SKZ_PLAYER #슼즈플레이어
#YouMakeStrayKidsStay

Copyrights 2026 ⓒ JYP Entertainment. All Rights Reserved.","Stray Kids, 스트레이 키즈, SKZ, 방찬, BANG CHAN, 리노, 이민호, LEE KNOW, LEEMINHO, 창빈, 서창빈, CHANGBIN, SEOCHANGBIN, 현진, 황현진, HYUNJIN, HWANGHYUNJIN, 한, 지성, 한지성, HAN, JISUNG, HANJISUNG, 필릭스, FELIX, 승민, 김승민, SEUNGMIN, KIMSEUNGMIN, 아이엔, 양정인, 정인, I.N, JEONGIN, SKZ PLAYER, 슼즈 플레이어, 슼즈 플레이어 한, han skz player, 한 back to life, han back to life, 한 작사, 한 작곡, 스키즈 한 슼즈 플레이어, stray kids skz-player, skz han back to life, stray kids han back to life, back to life skz-player, back to life, 스키즈 한 작사, 스키즈 한 작곡, 스트레이 키즈 한 back to life",00:04:20,1084483,313214,28891,https://i.ytimg.com/vi/F0UIsSnotlA/maxresdefault.jpg,N/A
14,,,24,"Film, Entertainment, Television_program",7.19%,pt-BR,14,UCTK443WemZxmW-hqYMe_2gA,A Gente Faz Agora,723000,BwiE4z35Aeo,2026-05-07T21:00:10Z,36.07 horas,FIM DO HOMELANDER! TRAILER COM CENAS DO FINAL DE THE BOYS EXPLICADO!!,"Segue lá no Instagram:
https://www.instagram.com/joaovictort_r

NOSSAS REDES SOCIAIS, SEGUE LÁ:
https://www.instagram.com/joaovictort_r
https://www.instagram.com/agentefazagora
https://twitter.com/AGenteFazAgora
https://www.facebook.com/AGenteFaazAgora/

#theboys","Familyfriendly, Family Friendly, família, The Walking Dead, TWD, comédia, rir, viagem, EUA, USA, Estados Unidos, Atlanta, Senoia, Orlando, locais de gravação, vazamento, bastidores, novidades, curiosidades, vlog, like, inscritos, em alta, gravação, estúdios, personagens, criança, para rir, análise, comentário, perguntas, respostas, reagindo, react, reagi, Fim, HQ, trailer, gameplay, filme, zumbi, spin-off, The Boys, Homelander, Capitão Pátria, Billy Butcher, Billy Bruto, Supernatural, Amazon Prime, Prime Video",00:12:00,60962,3978,407,https://i.ytimg.com/vi/BwiE4z35Aeo/maxresdefault.jpg,BR
15,,,20,"Action-adventure_game, Video_game_culture, Role-playing_video_game, Action_game",2.61%,pt-BR,15,UCrcBZDofBltcgGxphNia2tw,ProbIems,12000000,16mxcTxrjTo,2026-05-08T13:00:03Z,20.08 horas,Evolui Minha FORÇA para TER o SOCO mais FORTE DO MUNDO!  👾,"Servidor de discord:
https://discord.gg/2jtYumJKuZ

Minha Loja:
https://www.curtaloja.com/marca/problems.html

Contato COMERCIAL:
comercial@agenciacurta.com

Segue a turma no instagram:

Problems💙 https://www.instagram.com/problems_sr/
Mel 💛https://www.instagram.com/kaikemel/
Kadu 💖 https://www.instagram.com/kadukon/
Stick 💚https://www.instagram.com/guualfaro/
Zoom 🧡 https://www.instagram.com/josedu4rd/

ENXADAHOST - Cupom: Problems
ATENÇÃO: O conteúdo do vídeo é 100% family friendly, ou seja qualquer um pode assistir com toda a familia quando quiser!!

#problems #minecraft","maniqueft, lego, problems, probrems, probres, pobrems, problemas, problema, pobrema, mainequeft, minecraft, video do problema, video do problems, video do pobrems, minecraft survival, minecraft mitos, minecraft fatos, problems roblox, roblox, pobrems roblox, pobris roblox, pobrema roblox, problema roblox",00:22:57,419874,10237,704,https://i.ytimg.com/vi/16mxcTxrjTo/maxresdefault.jpg,BR
16,,,10,"Electronic_music, Music_of_Latin_America, Music, Hip_hop_music, Pop_music",1.11%,pt-PT,16,UCLYcFg9ONeJ_PJsFyBfrisQ,Resumo Fluxos by Resumo Produtora,66900,qxV3R3QmF8A,2026-05-08T15:15:12Z,17.82 horas,"CAFAJESTE CHUCRO - MC Lele JP, MC Ryan SP, MC Meno K, MC Tuto, MC Negão Original","Canal Oficial #ResumoFluxos 

Ouça nossa Playlist no Spotify:
http://bit.ly/4kc3D3O

Ative as Notificações ""🔔"" Em seu Dispositivo Móvel

Música: CAFAJESTE CHUCRO - MC Lele JP, MC Ryan SP, MC Meno K, MC Tuto, MC Negão Original
Ano: 2026

CAFAJESTE CHUCRO - MC Lele JP, MC Ryan SP, MC Meno K, MC Tuto, MC Negão Original
CAFAJESTE CHUCRO - MC Lele JP, MC Ryan SP, MC Meno K, MC Tuto, MC Negão Original
CAFAJESTE CHUCRO - MC Lele JP, MC Ryan SP, MC Meno K, MC Tuto, MC Negão Original
CAFAJESTE CHUCRO - MC Lele JP, MC Ryan SP, MC Meno K, MC Tuto, MC Negão Original
CAFAJESTE CHUCRO - MC Lele JP, MC Ryan SP, MC Meno K, MC Tuto, MC Negão Original
CAFAJESTE CHUCRO - MC Lele JP, MC Ryan SP, MC Meno K, MC Tuto, MC Negão Original
CAFAJESTE CHUCRO - MC Lele JP, MC Ryan SP, MC Meno K, MC Tuto, MC Negão Original
CAFAJESTE CHUCRO - MC Lele JP, MC Ryan SP, MC Meno K, MC Tuto, MC Negão Original
CAFAJESTE CHUCRO - MC Lele JP, MC Ryan SP, MC Meno K, MC Tuto, MC Negão Original
CAFAJESTE CHUCRO - MC Lele JP, MC Ryan SP, MC Meno K, MC Tuto, MC Negão Original

 Nossas Redes Sociais : 

Instagram : https://www.instagram.com/resumoprodu...
Facebook : https://web.facebook.com/resumoprodutora

Deseja retirar algum conteúdo de nosso canal? Envie e-mail para: Gerenciaresumo@gmail.com ou 11 98203-2934 / 77 99964-2591 que retiraremos imediatamente!

©2020 Resumo Produtora & Resumo Fluxos Ltda.","funk 2026, resumo fluxos, funk, set funk, funk lançamento, musica funk, funk 2026 playlist, mc, playlist funk, funk atualizado, musica, trap, cafajeste chucro, cafajeste chucro mc ryan, sempre louco e embrazado, mc ryan sp, mc ryan, mc lele jp, mc meno k, mc tuto, mc negao original, negot, diario de um cafajeste",00:06:04,14287,157,2,https://i.ytimg.com/vi/qxV3R3QmF8A/maxresdefault.jpg,BR
17,,,24,"Action_game, Video_game_culture, Action-adventure_game",9.96%,pt-PT,17,UCIzdh7oty8jCnXUj3eUj2WQ,Felipe Neto Joga,539000,Ohubh_zZLFk,2026-05-08T15:00:47Z,18.06 horas,APENAS 1% CONSEGUE VENCER ESSE JOGO!,"Hoje eu tentei jogar um dos jogos mais frustrantes que eu já vi: Brain Lines.

A ideia parece simples… resolver desafios desenhando linhas. O problema é que o jogo começa fácil e, de repente, vira um verdadeiro teste de inteligência, paciência e sanidade.

Será que eu faço parte do 1%… ou vou desistir antes do final?

Se inscreve no Felipe Neto Joga, deixa o like e comenta quais jogos você quer ver nos próximos vídeos.",,00:38:34,231652,22080,987,https://i.ytimg.com/vi/Ohubh_zZLFk/maxresdefault.jpg,N/A
18,,,10,"Pop_music, Music_of_Latin_America, Music",2.77%,pt-BR,18,UC4GQcpSxXmvhjn8bAfUubgg,Mari Fernandez,2870000,fn94OOiquC8,2026-05-08T00:00:06Z,33.08 horas,Mari Fernandez - 4:30 DA MANHÃ (Mari no Barzinho - Ao Vivo em Fortaleza),"Ouça na sua plataforma favorita: https://SomLivre.lnk.to/Mari_no_Barzinho

ACOMPANHE MARI FERNANDEZ NAS REDES SOCIAIS: 
INSTAGRAM - https://www.instagram.com/marifernandez/
FACEBOOK - https://www.facebook.com/MariFernandezOficial/
TIKTOK: https://www.tiktok.com/@marifernandezoficial
X - https://www.x.com/MariFernandezMF

LETRA:
(Claudio Chaves / Gabriel BK / PG)
Eu não vou mentir.
Nem com bebida, engolir o nosso fim.
Eu tô saindo,
eu tô beijando,
eu tô fazendo, tudo o que
o solteiro faz na vida louca.
Mas esquecer é outra coisa.
Quatro e meia da manhã,
eu gastando tesão com uma pessoa errada.
Do que adianta tá gostoso,
se quando eu abro o olho,
não vejo a sua cara.
Quatro e meia da manhã,
eu gastando tesão com uma pessoa errada.
Com medo de falar seu nome,
eu tô fazendo amor de boca calada.
oh, oh, oh,
oh,oh,oh

Gravadora: Som Livre
Escritório: Vybbe",,00:02:42,536824,11718,3127,https://i.ytimg.com/vi/fn94OOiquC8/maxresdefault.jpg,BR
19,,,20,"Video_game_culture, Action_game",2.99%,pt-BR,19,UCW-4nEie-LVG7LK3CkQeBuw,VALORANT Esports BR,341000,IJzVw_AZ4H0,2026-05-09T03:36:46Z,5.46 horas,KRÜ x EG | FUR x 100T | VCT Americas Etapa 1 | Semana 5 - Dia 1,"Sexta-feira // 8/5/2026

Jogo 1 - 18h: KRÜ Visa (KRU) x Evil Geniuses (EG) (Md3)
Jogo 2 - 21h: FURIA (FUR) x 100 Thieves (100T) (Md3)

Curtiu? Inscreva-se em nosso canal: http://bit.ly/VCT_BR  

Fique de olho nas notícias e nas melhores jogadas do VALORANT Champions Tour acompanhando os nossos canais:
Web: https://valorantesports.com
Twitter: https://twitter.com/valesportsbr
Instagram: https://www.instagram.com/valesportsbr
TikTok: https://www.tiktok.com/@valesportsbr
Twitch: https://www.twitch.tv/valorant_br","VALORANT, Gaming, valorant pro players, VCTAmericas, VCT, competição VALORANT, campeonato valorant, VALORANT Esports, loud, furia, 2g, mibr, valorant hype, video hype vct, valorant ao vivo, valorant live, VCT 2026, Etapa 1, Stage 1",07:06:42,238973,7155,1,https://i.ytimg.com/vi/IJzVw_AZ4H0/maxresdefault.jpg,BR
20,,,10,"Electronic_music, Pop_music, Music",15.57%,en,20,UCufuq24Cef6-CdmEiZmXTBg,Pinkpantheress,2480000,qRAJowgHqxA,2026-05-08T16:01:27Z,17.05 horas,PinkPantheress - Girl Like Me (Official Video),"The Official Video for ‘Girl Like Me’ by PinkPantheress.

Stream / Download 'Girl Like Me': https://pinkpantheress.lnk.to/GirlLikeMe
Stream / Download 'Fancy That': https://PinkPantheress.lnk.to/FancyThat 
Stream / Download ‘Fancy Some More?’: https://pinkpantheress.lnk.to/fancysomemore 

Step into my world: https://www.Pantheress.Pink/
Text me for the tea: https://www.Pantheress.Pink/signup

Follow PinkPantheress: 

Soundcloud: https://soundcloud.com/pinkpantheress 
Instagram: https://www.instagram.com/pinkpantheress/?hl=en   
TikTok:  https://www.tiktok.com/@pinkpantheres...
Twitter: https://x.com/pinkpantheress2
Spotify: https://pinkpantheress.lnk.to/Spotify 
Apple Music: https://pinkpantheress.lnk.to/AppleMusic 
Discord: https://levellr.com/pinkpantheress

Credits: 

Director: Laurie Lotus
Creative Direction: LAUZZA
Artist Creative Director: Sian Rowe
Marketing Director: Zak Boumlaki
Management: Phoebe Gold, Lauren Onelum

Production Company: COMPULSORY
Executive Producer: Kiran Mandla, Kadri Mahmoud, Chris Toumazou
Music Rep: Lee Fairweather (Leethal Reppin)

Post Production: Neuron Studios, Worlds End
3D / VFX Supervisor: Minesweeper, Michos
Editors: Fred Gowers, Alex Wheeler
Online Editor: Michos
3D Modeler: Jsttn, Aristide CLD
3D Asset Texture Artist: Nxbulah, Jsttn
3D Artist: Joshua, Galzxy
VFX Rotoscoping: Ikari/Chainflip (Worlds End), Ian Cornejo (Past Tense Productions)
VFX Compositing: Michos, Ikari & Chainflip, Ian Cornejo, Plex, Galzxy
VFX Assist: Byhmalik
3D Assist: Sno, Hiscorruptmind, Aristide CLD
Colour Grade: Nielsen (Selected Works)
Sound Design: Ken Psalms & William Landry (World's End)

The Pinkettes: Nerita McFarlane & Ava McAuley

LA Team:

Production Company: Freenjoy
Founder / Producer: Nathan Scherrer
EP / Producer: Tara Sheree
Head of Production: Tommy Gleason
Producer: Tali Weizman
Production Manager: Natalle Jastrow
1st AD: Daniel Bennaiem
2nd AD: Juan Pablo Gonzalez
FNJ Creative Assistant: Aswada

DOP: Dajiana Huang
1st AC: Christine Mouton
2nd AC: Allison Nguyen
DIT: Pete Aguirre

Artist Glam: 

Stylist: Danyul Brown
Styling Assistant: Carley Sullivan
Tailor: Kristine Gambaryan
Hair: Charles D McGee II
Hair Assistant: Tyarra Jones
Makeup: Leonardo Chaparro
Makeup Assistant: Mila Kwan
Background Stylist: Ella Sofia Lopez
BTS Photographer: Samone Kidane
Movement Director: Simon Donnellon

Gaffer: Trevor Dunnigan
Best Electric: Rocket Scott
Electric: Anderson Ko, Alex Perales, Steve Wehner

Key Grip: Adrian Proleiko
Best Grip: Miguel Benavides
Dolly Grip: Kelly Pong
Grip: Javaun Crane-Bonnell, Hayden Miller, Mladen Durdanovic 

Art Director: Isabella Monge
Scenic Dresser: Melody Javier 
Quixote Vehicles Driver: Stephen Hinze
Quixote Field Service: Gabe Duron
WH4 Driver: Larry Wilson

Medic: Bradley Smith
PA’s: Zane Crawford, Andres Palou, Antony Trinidad, Saul Espinoza

UK Team:

Producer: Anastasia Liasi
Production Manager: Zara Bloom
Production Assistant: Jake Adler
1st AD: Steve Wingrove
2nd AD: Nate Black-Platt
AD Runner: Jasper Irving
DOP: Dajiana Huang
1st AC: Jacob Howard
2nd AC: Arla Albertine
Gaffer: Matthew Bohun
Spark: Ryan Delahunty, Ana Krkljus
Sound Recordist: Max Wright
Art Director: Jahnavi Verma
Cast Stylist: Josie Fox
Hair & Makeup Artist: Viviane Melo

Starring: Davina McCall 

Talent Team (Davina McCall):

Stylist: Abi White
Hair: Michael Douglas
Makeup: Victoria Reynolds
Driver: John Lake

Casting: Universal Extras

#PinkPantheress #GirlLikeMe #LetItAllGo","Pantheress, Pink, Tonight, Come Talk To Me, Why's It So Emotional, Pop, Pop Dance, Dance Pop, Indie, India Pop, Pop Indie, Alternative, Alternative Pop, Pop Alternative, Boy's a liar, Boy's a liar Pt. 2, Nice To Meet You, Mosquito, Take Me Home, Pain, Passion, Just For Me, Central Cee, Rema, Tyla, Billie Eilish, Tyler The Creator, Charli XCX, You Want With Me, With Me, Illegal, The Dare, BRAT, JT, Fancy Some More?, Fancy Some More, Zaralarsson, MidnightSun, StatesideRemix, girllikeme",00:02:37,744513,110705,5235,https://i.ytimg.com/vi/qRAJowgHqxA/maxresdefault.jpg,N/A
21,,,20,"Simulation_video_game, Action-adventure_game, Video_game_culture, Role-playing_video_game",0.90%,pt-BR,21,UCZ5EhVtjHsdha52CiOcFvvg,Lokis,4920000,dcHaI7rHwlc,2026-05-08T22:00:44Z,11.07 horas,LOKIS PUXANDO NA CORDINHA | Roblox - Experimental Hugs Sim,Hoje veremos o Lokis puxando na cordinha.,"roblox, lokis, lokis roblox, looks, looks roblox, loquinho roblox, loquinho, lokis puxando, puxando cordinha",00:10:02,74055,624,39,https://i.ytimg.com/vi/dcHaI7rHwlc/maxresdefault.jpg,BR
22,,,10,"Pop_music, Music, Music_of_Latin_America",0.42%,pt,22,UCn0NUsrqao9WNBO6A-hIEOg,Sertanejo 2020,950000,ndSZctpWOtM,2026-05-08T09:59:24Z,23.09 horas,TOP SERTANEJO 2026 - As Melhores do Sertanejo Universitário (Mais Tocadas) - Top 30 Sertanejo 2026,"#sertanejo #musicas #gusttavolima
TOP SERTANEJO 2026 - As Melhores do Sertanejo Universitário (Mais Tocadas) - Top 30 Sertanejo 2026  
------
Link: https://youtu.be/ndSZctpWOtM
Thanks for watching! Don't forget to SUBCRIBE, Like & Share my video if you enjoy it! Have a nice day!
Sertanejo 2020. : https://bom.to/jSqAes
Playlist              : https://bom.to/3xwCBx
#mariliamendonca #repertorionovo #cd2019#TOPSERTANEJO2020  #sertanejo2020","sertanejo 2023, musicas, sertanejo, sertanejo 2022, música",01:41:12,38518,156,5,https://i.ytimg.com/vi/ndSZctpWOtM/maxresdefault.jpg,BR
23,,,20,"Role-playing_video_game, Video_game_culture, Simulation_video_game",7.04%,pt-BR,23,UCABon3LeMfnU5ajXaOYC1oA,Amy Scarlet,7550000,v89qyvTk00A,2026-05-08T22:01:00Z,11.06 horas,ME INFILTREI NA VIDA DA MAIOR FOFOQUEIRA DE BROOKHAVEN ,"Bem Vindos ao Canal da Amy Scarlet em Brookhaven.
Aqui você acompanha as aventuras da personagem Scarletina pela cidade de Brookhaven.
Os personagens e histórias são fictícios e não adequados para crianças.

Deixa a curtida e se inscreve ❤

Canais Secundários da Amy:
- AmyScarletona
- ⁠AmyCraftando
- ⁠Scarletinos

#brookhaven #amyscarlet #roblox

Se inscreva no Canal.","amy scarlet, gameplay, roblox, brookhaven",00:10:03,77011,4880,538,https://i.ytimg.com/vi/v89qyvTk00A/maxresdefault.jpg,BR
24,,,10,"Music_of_Latin_America, Music, Pop_music",12.84%,pt,24,UCqjjyPUghDSSKFBABM_CXMw,Anitta,18300000,W6etwfRmGIc,2026-05-07T15:00:50Z,42.06 horas,"Anitta, Melly - Ternura / Luedji Luna - Bemba / Liniker - Caminhador (Official Music Video)","EQUILIBRIVM, available everywhere now: https://Anitta.lnk.to/Equilibrivm

MUSIC ▶

SUBSCRIBE HERE ▶ https://www.youtube.com/channel/UCqjjyPUghDSSKFBABM_CXMw?sub_confirmation=1

ANITTA: 
Spotify | http://sptfy.com/1PY8
Instagram | http://instagram.com/anitta
Twitter | http://twitter.com/anitta
Facebook | http://facebook.com/AnittaOficial

#Anitta #equilibrivm","Anitta, Melody, Funk, Pop",00:07:20,431166,51398,3959,https://i.ytimg.com/vi/W6etwfRmGIc/maxresdefault.jpg,N/A
25,,,20,"Action_game, Role-playing_video_game, Video_game_culture, Action-adventure_game",2.97%,pt-BR,25,UCUouM5ZRqZoFNzUvpDeYNGQ,Lucas Clash ON,7680000,VWO6_2TIPI8,2026-05-08T14:37:34Z,18.45 horas,ZEREI TODOS NOVA STARR DROPS NA MINHA CONTA DO BRAWL STARS E...,"🌵Participem do  meu Grupo do Roblox 
https://www.roblox.com/pt/communities/17079112/ON-Cactus#!/store
💚Discord Oficial do canal https://discord.com/invite/lucasclashon
✅Meu perfil oficial do Roblox - https://www.roblox.com/pt/users/3818273238/profile",,00:14:50,220575,6106,441,https://i.ytimg.com/vi/VWO6_2TIPI8/maxresdefault.jpg,BR
26,,,10,"Lifestyle_(sociology), Music, Music_of_Latin_America, Pop_music",5.04%,pt-PT,26,UCgENMvw0UY0ba0QQRsSQhrw,Bruno Rosa Oficial,354000,y2f1si8IOLQ,2026-05-08T15:01:07Z,18.06 horas,Bruno Rosa Part. Murilo Huff - Atriz Demais (DVD Evolução),"Ouça #BrunoRosa #AtrizDemais em todas as plataformas digitais: 

🔔 Se inscreva no canal e ative o sino de notificações para não perder nenhum lançamento! 

CONTATO PARA SHOWS: 
☎️  (67) 9 9690-4866
📧 agenda@brunorosacantor.com.br

Atriz Demais 
Elvis Elan | Henrique Castro | Thiago Parazin | Samuel Parazin

Cheiro do amaciante
Já cobriu o cheiro do suor
De tanto que a gente deixou nossa cama só 
Do nada você mudou, do nada
E doeu no peito essa facada 
Só me fala onde tá o erro
Se eu te perdi pra outro ou pra mim mesmo

Vai, fala pra mim que não me ama, vai
O amor que a gente tanto fez, tanto faz 
Se tinha mentira no seu “ai, ai, ai”
Cê foi atriz demais
Fala pra mim que não me ama, vai
Que o amor que a gente tanto fez, tanto faz 
Quem perde o tempo é porque não quer mais 
Ou tem alguém por trás

Do nada você mudou, do nada 
E doeu no peito essa facada
Só me fala onde tá o erro
Se eu te perdi pra outro ou pra mim mesmo

Vai, fala pra mim que não me ama, vai
Que o amor que a gente tanto fez, tanto faz 
Se tinha mentira no seu “ai, ai, ai”
Cê foi atriz demais
Fala pra mim que não me ama, vai
Que o amor que a gente tanto fez, tanto faz 
Quem perde o tempo é porque não quer mais 
Cê foi atriz demais
Quem perde o tempo é porque não quer mais 
Cê foi atriz demais

Fica técnica:
Produção executiva: Songs Produções
Produção musical: Felipinho
Direção de vídeo: André Caverna",,00:02:42,23273,671,501,https://i.ytimg.com/vi/y2f1si8IOLQ/maxresdefault.jpg,BR
27,,,20,"Action_game, Video_game_culture, Action-adventure_game, Puzzle_video_game, Strategy_video_game, Role-playing_video_game",9.80%,pt-PT,27,UCIwspRtKNszHhIhl36gREjQ,alanzoka,9090000,QsxH-030MgY,2026-05-08T15:01:16Z,18.06 horas,UMA OBRA DE ARTE! - MIXTAPE,"OS MAIORES DESCONTOS ESTÃO NO KABUM!:
http://kb1.me/alanzokakabumyt

💜 LIVE: https://www.twitch.tv/alanzoka
📷 Instagram: https://www.instagram.com/alanzoka/
📧 alanzoka@vandep.ag
🐤 Twitter: https://twitter.com/alanzoka




#Alanzoka","alan, electronic, desire, edge, alanzoka, video do alanzoka, alanzoka da twitch, videos com alanzoka, alanzoka video, alanzoka memes, gameplay alanzoka, lives do alanzoka, lives, alanzoka jogando, mixtape",02:51:41,198316,18869,574,https://i.ytimg.com/vi/QsxH-030MgY/maxresdefault.jpg,BR
28,,,10,"Pop_music, Music_of_Latin_America, Music, Hip_hop_music, Electronic_music",0.22%,pt-BR,28,UC058Ca9WOCBwgLbwwCyb70w,00 DA MÍDIA by 24por48,9190,RPyZx4ZLVL0,2026-05-06T15:00:44Z,66.07 horas,"FAMOSO IMÃ - ELA QUER VIVER NO PANTANAL - MC Lele JP, MC Leozinho ZS, MC Poze do Rodo (Web Clipe)","Ouça nossa Playlist no Spotify 
https://bit.ly/44xZYFQ

Divulgue sua música conosco:
(11) 94510-9094

Informações sobre a música:
Artista: MC Lele JP, MC Leozinho ZS, MC Poze do Rodo
Música: FAMOSO IMÃ - ELA QUER VIVER NO PANTANAL
Produção musical: DJ Gordinho da VF
Ano: 2026","FAMOSO IMÃ, ELA QUER VIVER NO PANTANAL, o poderoso chatao, mc lele jp, mc leozinho zs, mc poze do rodo, dj gordinho da vf, funk",00:03:38,17947,40,0,https://i.ytimg.com/vi/RPyZx4ZLVL0/maxresdefault.jpg,BR
29,,,20,"Action-adventure_game, Video_game_culture, Role-playing_video_game, Action_game",2.27%,pt-BR,29,UC5mC_S9d0yGeUUY-n3lfyHw,JeffBlox,2430000,UxzJXV63Hxo,2026-05-08T19:50:28Z,13.24 horas,TENTE VIRAR MORTAL PARA ROUBAR A LUCKY BLOCK BRAINROT NO ROBLOX,"http://bloxvendas.com.br/?ref=JEFF
CUPOM: JEFF
DISCORD: https://discord.gg/CBNcCyBhmV

🕹️JOGO: +1 Double Jump for Lucky Block!",,00:23:26,94517,2066,84,https://i.ytimg.com/vi/UxzJXV63Hxo/maxresdefault.jpg,BR
30,,,10,"Electronic_music, Music_of_Latin_America, Hip_hop_music, Music, Pop_music",3.25%,pt-BR,30,UCuRGk7Q3-HzP036f6iCGwGg,MC Negão Original,722000,drPYlL5QV0g,2026-05-07T21:25:07Z,35.66 horas,"5. COMEDINHA FICOU BRAVO 2 - MC Negão Original, MC Meno K (DJ Japa NK)","Ouça #Cadeonegao? em todas as plataformas de música:

Inscreva-se no canal e não perca nenhum lançamento!

Siga no instagram:
@mcnegaoriginal
@bigodenewsnacional

Ficha Técnica:
Intérpretes: MC Negão Original, MC Meno K
Produção Musical: DJ Japa NK
Direção: Vitor Tavares
Designer Gráfico: Giovanna Perrenoud e juniorsantzz

Equipe MC Negão Original:
Gestão de lançamentos:  Disrupsom
Publicidade: Comercial.fusionrecords@gmail.com
Shows: (11) 94752-5022

Equipe Warner Music:
A&R: Ana Paula Paulino

Publicidade: Comercial.fusionrecords@gmail.com
Shows: (11) 94752-5022

Uma realização Warner Music Brasil e Fusion Records.

Este videofonograma é um produto original e próprio da Gravadora e Editora. A cópia dele ou o reenvio do mesmo resultará em grandes implicações ao seu canal do Youtube ou até a exclusão do mesmo.

Fusion Records ®️
#fusionrecords  

Ano 2026","Negão Original, Cadê o Negão música nova, funk da capital, lançamento pesado, funk explosivo, álbum oficial, playlist de funk, lançamento YouTube funk, hit paulista, funk de comunidade, batida de funk, funk 2k26, música de baile, melhor lançamento funk, música trending Brasil, top funk brasil, MC GP, Oruam, Buzeira, MC Ryan SP, DJ Guh Mix, DJ Japa NK, MC Kevin, Meno K, Relikia do K, Medley de Igaratá, Carnívoro, Semi Nua",00:02:58,112454,3585,70,https://i.ytimg.com/vi/drPYlL5QV0g/maxresdefault.jpg,BR
31,,,20,"Role-playing_video_game, Video_game_culture, Action-adventure_game",5.02%,pt,31,UCMqwki1wq79sf5IBueB9pQQ,PIZÃO,8300000,VbrclX1vKVk,2026-05-08T20:55:50Z,12.15 horas,FICAMOS INVISÍVEIS PARA ROUBAR BRAINROTS NO ROBLOX com O LARRYZINHO!,"atualização do Roube um Brainrot, Roube o Brainrot novo strawberry elephant, STEAL A BRAINROT , Steal a Brainrot, novos brainrots  SECRETO NOVO NO ROUBE O BRAINROT. dragon canellonni, Nova atualização steal a brainrot, novo brainrot do roube um brainrot, NOVO BRAINROT ATUALIZAÇÃO, HACKER NO ROUBE UM BRAINROT, script roube um brainrot. centuzzarella,  LOS ORCALEROS

#pizao #roblox #stealabrainrot #roubeumbrainrot #robloxgames #brainrot",,00:20:23,76311,3674,154,https://i.ytimg.com/vi/VbrclX1vKVk/maxresdefault.jpg,BR
32,,,10,"Hip_hop_music, Music, Music_of_Latin_America, Pop_music",0.63%,pt-PT,32,UClpkUyPECLpwbKwBUnv1dSQ,PLANETA FUNK by 24por48,36400,J5hQBb5B4uk,2026-05-06T15:00:35Z,66.07 horas,"POSSO ATÉ NÃO TE DA FLORES - MC Meno K, MC Ryan SP e MC Jacaré (Web Clipe) DJ Japa NK e Davi DogDog","Ouça nossa Playlist no Spotify 
https://bit.ly/44xZYFQ

Divulgue sua música conosco:
(11) 94510-9094

Informações sobre a música:
Artista: MC Meno K, MC Ryan SP e MC Jacaré
Música: POSSO ATÉ NÃO TE DA FLORES
Produção musical: DJ Japa NK e DJ Davi DogDog
Ano: 2026","POSSO ATÉ NÃO TE DA FLORES, MC Meno K, MC Ryan SP, MC Jacaré, dj japa nk, dj davi dogdog, funk",00:02:38,12793,78,2,https://i.ytimg.com/vi/J5hQBb5B4uk/maxresdefault.jpg,BR
33,,,20,"Video_game_culture, Action_game, Role-playing_video_game, Action-adventure_game",7.04%,pt-BR,33,UCqQ8R-6fdARMJl_YHnOdQNg,pepers,438000,QNyt9U89PPk,2026-05-08T17:40:01Z,15.41 horas,COMO EU ME TORNEI O JOGADOR SOLO MAIS PERIGOSO DO DAYZ,"Neste vídeo, você acompanhará minha aventura solo em um dos maiores servidores do DayZ, e verá como eu saí do completo zero para um dos jogadores mais perigosos do server.

✅Seja membro: https://www.youtube.com/channel/UCqQ8R-6fdARMJl_YHnOdQNg/join

---------------------------------------------------

📌MEUS CANAIS:
• Canal de Lives: ​⁠@peperslives
• Segundo Canal: ​⁠@pepersdois

📌REDES SOCIAIS:
• Kick: https://www.kick.com/pepers_tv
• Twitch: https://www.twitch.tv/pepers_tv
• Instagram: https://www.instagram.com/pepersz/
• Discord: https://discord.gg/xT97bEbzS4

📌MAIS SOBRE DAYZ:
• Aventuras: https://www.youtube.com/playlist?list=PLaWC4gR0N3G7wpjoT-pVdD3D-AjWFpU7X
• Aprenda a Jogar DayZ: https://www.youtube.com/playlist?list=PLaWC4gR0N3G7NPSbCyaVGqrVyMpFAMSHe

🎨Thumbnail: @MvAartwork

---------------------------------------------------

🎵Músicas usadas no vídeo: 
https://share.epidemicsound.com/orrs9j

---------------------------------------------------


#dayz #pepersdayz #origemz","dayz, pepers dayz, solo dayz, pepersz, sniper solo dayz, dayz brasil",00:34:13,99757,6840,187,https://i.ytimg.com/vi/QNyt9U89PPk/maxresdefault.jpg,BR
34,,,10,"Music, Music_of_Latin_America, Pop_music",4.99%,pt-PT,34,UCESwBZaWSnDcJjdqouSWFog,Limão Com Mel,833000,TTYd11k3urU,2026-05-08T15:00:06Z,18.08 horas,Limão Com Mel e Pablo - Tá Fazendo Falta (Playlist),"Assista agora ao clipe de “Tá Fazendo Falta” com Limão com Mel e Pablo❤️🔥

Dois grandes sucessos em um encontro marcado pela sofrência, emoção e aquele romantismo que atravessa gerações.

🎧 Ouça também no seu aplicativo de áudio favorito:
https://orcd.co/ynrj4oo

Letra:

Tá Fazendo Falta 

Hoje eu vi você com um outro alguém
Não acreditei, quase desmaiei
Eu me senti ninguém
Foi aí que a ficha caiu
E eu percebi
Que por um vacilo meu eu te perdi
Nem pisquei, fiquei parado e mudo
Em estado de choque, fiquei surdo
Naquele momento desabou meu mundo
'Cê 'tá fazendo falta, 'tá fazendo falta
'Cê 'tá fazendo falta, não era pra terminar assim
'Cê 'tá fazendo falta, 'tá fazendo falta
Se eu pudesse eu voltaria o tempo
E trazia você pra mim
Hoje eu vi você com um outro alguém
Não acreditei, quase desmaiei
Eu me senti ninguém
Foi aí que a ficha caiu
E eu percebi
Que por um vacilo meu eu te perdi
Nem pisquei, fiquei parado e muda
Em estado de choque, fiquei surda
Naquele momento desabou meu mundo
'Cê 'tá fazendo falta, 'tá fazendo falta
'Cê 'tá fazendo falta, não era pra terminar assim
'Cê 'tá fazendo falta, 'tá fazendo falta
Se eu pudesse eu voltaria o tempo
E trazia você pra mim
'Cê 'tá fazendo falta, 'tá fazendo falta
'Cê 'tá fazendo falta, não era pra terminar assim
'Cê 'tá fazendo falta, muita falta
Se eu pudesse eu voltaria o tempo
E trazia você pra mim
Se eu pudesse eu voltaria o tempo
E trazia você pra mim
Você pra mim




SIGAM NOSSAS REDES SOCIAIS:

Instagram: https://www.instagram.com/limaocommel/
TikTok: https://www.tiktok.com/@limaocommel
Facebook: https://www.facebook.com/BandaLimaocomMel/

#LimãocomMel #LimãoComMelPlaylist #Pablo",,00:04:00,27433,1321,47,https://i.ytimg.com/vi/TTYd11k3urU/maxresdefault.jpg,BR
35,,,20,"Role-playing_video_game, Video_game_culture, Action-adventure_game",7.87%,pt,35,UCEOGSdXwcXcNfcuDGbjmgOw,Julia MineGirl,12300000,fyv_FX_aOnU,2026-05-08T14:01:18Z,19.06 horas,A MARRETÃO ESTÁ SUSPEITA HOJE! (Flee The Facility),"💜 No vídeo de hoje jogamos o game Flee The Facility no Roblox.

💜 Canal da Minha família:
https://www.youtube.com/crisminegirl
https://www.youtube.com/texhs

💜Música - Biblioteca de áudio do YouTube e Epidemic Sound 
                         
Likelation!
Julia Minegirl","Julia Minegirl, Julia, Minegirl, Canal Julia Minegirl, Cris Minegirl, jogos, Tex HS, games, roblox, marretao, julia minegirl marretão, marretão em família, flee the facility, jogo divertido",00:18:02,185453,13613,988,https://i.ytimg.com/vi/fyv_FX_aOnU/maxresdefault.jpg,BR
36,,,10,"Music, Music_of_Latin_America",3.59%,pt-BR,36,UCIW4y9tEpVmx_iezUVA9blQ,João Gomes Cantor,4970000,_CeeJdqCwaI,2026-05-07T16:40:06Z,40.41 horas,"AS QUATRO ESTAÇÕES - João Gomes, Mestrinho e Jota.pê (Dominguinho Vol.2)","""As Quatro Estações"" faz parte do Dominguinho Vol.2 🌞🌞 gravado no Pelourinho em Salvador/BA 🫶🏻

Escute também no seu app musical favorito
https://SMB.lnk.to/DominguinhoVol2

Autores: Sandy, Alvaro Socci, Claudio Matta

Acompanhe nas redes sociais

Instagram
https://www.instagram.com/joaogomescantor/
https://www.instagram.com/mestrinhomestrinho/
https://www.instagram.com/jota.peoficial/

Tikok
https://www.tiktok.com/@joaogomesvq
https://www.tiktok.com/@mestrinhomestrinho
https://www.tiktok.com/@jota_peoficial

#JoãoGomes #Mestrinho #Jotapê #Dominguinho",,00:03:58,30069,1040,39,https://i.ytimg.com/vi/_CeeJdqCwaI/maxresdefault.jpg,N/A
37,,,10,"Music_of_Latin_America, Music",3.23%,pt-BR,37,UCv2O8godIZMA7sXxu5bAmiQ,Klessinha,764000,uU71sTc4d4g,2026-05-08T00:00:06Z,33.08 horas,Klessinha - Resenha sem Tirar de Dentro (COMPLETO) | Ao Vivo na Cachoreira - SP (Parte 1),"Esse é um lançamento da cantora #klessinha.
Ouça em todas plataformas de música: 
https://onerpm.link/ResenhaSemTirardeDentronaCachoeiraSPEp1

Siga Klessinha nas redes sociais:
http://www.instagram.com/klessinha
http://www.tiktok.com/@klessinhadaseresta 
http://kwai.com/@klessinha
http://suamusica.com.br/klessinha

SHOWS: +55  (71) 99991-9950

MÚSICAS:

00:00 - Agora 
03:17 - Fonte de Desejos
05:22 - Todas as Coisas do Mundo
07:14 - Nessas Horas
09:44 - Aínda To Aí
11:50 - Sonho
14:30 - Estrela Cadente
17:06 - Eu Tenho É Dó
19:24 - Caminhos do Sol
22:09 - Combinado Assim

Audivisual gravado na Cachoeira Grande - Lagoinha/SP

FICHA TÉCNIDA:

DIREÇÃO DE VÍDEO - Levi Porto 
DIREÇÃO GERAL - Klessinha
PRODUÇÃO GERAL - Pida / Klessinha
DIREÇÃO TÉCNICA - Moabe Guedes
PRODUÇÃO MUSICAL - Mário Santana / Jonas Coruja

#SerestaDaKlessinha #KlessinhaAoVivo","klesinha, clessinha, clesinha, Seresta, Resenha, Baronesa, Seresta da Klessinha, Cachoeira SP, Sem Tirar de Dentro",00:24:24,110931,3450,138,https://i.ytimg.com/vi/uU71sTc4d4g/maxresdefault.jpg,BR
38,,,20,"Action_game, Action-adventure_game, Video_game_culture, Role-playing_video_game, Puzzle_video_game",3.97%,pt,38,UCH2958aySlHIuMzpUE8Xe9A,Tex HS,7540000,O14nSrAZ4_U,2026-05-08T19:29:02Z,13.59 horas,FUI CONTRATADO PARA ELIMINAR 100 PATOS (Find 100 Ducks),"FUI CONTRATADO PARA ELIMINAR 100 PATOS (Find 100 Ducks)

🎮 FIND 100 DUCKS
#TexHS #Find100Ducks

💜 Julia Minegirl - https://youtube.com/juliaminegirl
💛 Cris Minegirl - https://youtube.com/crisminegirl

🌵 Deixa o LIKE e se inscreva no canal!","Tex, Tex HS, Canal Tex, Jogo, Game, Gameplay",00:22:43,67325,2386,285,https://i.ytimg.com/vi/O14nSrAZ4_U/maxresdefault.jpg,BR
39,,,10,"Pop_music, Music, Music_of_Latin_America, Hip_hop_music, Electronic_music",0.53%,pt-BR,39,UC_j9IBK1J8l9QkE4OMPcB0w,01 DO FUNK ,340000,4bPoecUawtg,2026-05-07T14:06:01Z,42.98 horas,EU ME APAIXONEI - VITINHO IMPERADOR,"Inscreva-se no canal e receba os lançamentos exclusivos em primeira mão.

EU ME APAIXONEI - VITINHO IMPERADOR 
EU ME APAIXONEI - VITINHO IMPERADOR 
EU ME APAIXONEI - VITINHO IMPERADOR 

Artista(s): VITINHO IMPERADOR
Música: EU ME APAIXONEI
Produção Musical: 

01 DO FUNK & Love Funk ® Todos os direitos reservados.

#MC #FUNK #01DOFUNK#LOVEFUNK","01 do funk, funk, funk 2023, funk 2024, love funk, gr6, gr6 explode, funk 01, funk light, mc, funk zl, funk mc, funks, funks 2024, set funk, funk 2024 lançamento nova, funk 2025, funk 2025 lançamento, EU ME APAIXONEI - VITINHO IMPERADOR",00:03:22,8935,46,1,https://i.ytimg.com/vi/4bPoecUawtg/maxresdefault.jpg,BR
40,,,20,"Action-adventure_game, Video_game_culture, Role-playing_video_game",2.96%,pt,40,UC9Qu6o04oTf-b2acahQVk1g,Kass & KR,2850000,v6W3Bxt0qH4,2026-05-08T14:45:09Z,18.33 horas,DESAFIO do TUNEL ELEMENTAL no Minecraft!,"🧸 Compre os BONECOS DE KASS E KR: https://boxsugar.com.br/kass-e-kr/

💌 Contato profissional: kassekr@pulliginfluencers.com.br

🎮 Nosso host de Minecraft: https://enxadahost.com/ (Cupom: KASSEKR)",,00:18:52,90109,2563,104,https://i.ytimg.com/vi/v6W3Bxt0qH4/maxresdefault.jpg,BR
41,,,10,"Music, Pop_music, Electronic_music, Independent_music",6.13%,en,41,UCOvEMf00DnwdkpOCRWdc6uA,Charli xcx,4060000,ox1Eemj8FDo,2026-05-08T04:00:54Z,29.06 horas,Charli xcx - Rock Music (Official Video),"Charli xcx - Rock Music
Listen: http://charlixcx.lnk.to/RockMusic

Credits: 
Director: Aidan Zamiri
Creative Director: Imogene Strauss

Production Company: Object & Animal
Executive Producer: Alex Brinkman
Producer: Myriam Schroeter
Associate Producer: Reese Layton

Director of Photography: James Beattie
Production Designer: Griffin Stoddard

Editor: Neal Farmer

Artist Mgmt: Twiggy Rowley, Brandon Creed, Sam Pringle & Daniela Parada 
Artist Digital: Mekaila Morris

Atlantic Marketing: Marisa Aron
Atlantic Creative: Caroline DeFranco

Production Supervisor: Raven Jensen
Production Coordinator: Dan Order
Creative Assistant: Sarame Sahgal
Post Producer: Gina Crow 

1st AD: Josh Montes
2nd AD: David Henrriquez
2nd 2nd AD: Alex Lycette

1st AC: DJ Carroll
2nd AC: Ashton Green
Film Loader: Luke Dowden
Phantom Operator: Jared Kovacs

Gaffer: Austin Locicero
Best Electric: Alex Fischetti, Max Garstak
Electric: Prannoy Jacob
Electric: Duell Davis
Electric: Maria Cabra
Electric: Eli Freireich
DMX Board Op: Alex Blum
Electric Driver: Matt Calabrese
Genny OP: Manuel Moreno
Key Grip: Liam Murphy
Best Grip: Hana Kim
Grip: Chris Angarone
Grip: Natalie Larkowski
Grip: Charlie Diserens
Grip: Ray Parrella
Grip: Steff Berek
Grip Driver: Niklas Moller
Playback OP: Richard Hart
VFX Supervisor: Cooper Vacheron 
VTR: Color Space Digital 
VTR Op: Brian Sanchez 
BG Wardrobe Stylist: Zoey Radford Scott
BG Wardrobe Assistant: Alexia Barritt
BG Wardrobe Assistant: Josh Hickman
BG Wardrobe Assistant: Nick Trotta
Casting Director: Michele Mansoor
Casting Director Assistant: Raina Bell
Location Manager: Matthew Dipple
ALM Tech: Shady Kerko
ALM Shoot: Brendan Carroll

Art Director: Audrey Ledoux
GS Producer / Art Coord: Vivian Swift
Leadman: Doug Moore
Prop Master: Amanda Soltis
Set Dec: Leo Swarts
Set Dresser: Thomas William
Set Dresser: David Dee
Art Swing: Andreas Kohl
SPFX Lead: Jeff Moratti
SPFX Tech: George Fernandez
PA - Truck: Coleman Chambliss
PA: Rocko Zevenbergen
Shopper: Bailey Brown
Shopper: Lily Rohren
Scenic: Kristen Dempsey
Crafty: Charlie Waters
Set Medic: Scott Zelenetz
Stunt Coordinator: Becca GT
Set Security: Movie Mic
Set Security: Eric Lopez
Office PA: Dannielle Bowman
PA Truck Driver: Ainsley Samuda
PA Truck Ridealong: Kavel Lewis
PA Truck Ridealong: Adonis Lightburn
PA Pass Van Driver: Aidan Burns
PA Pass Van Driver: Nick Yoon
PA Pass Van Driver: Jacob Friedman
Set PA / PA Pass Van Driver: Grayson Powell
Set PA / PA Pass Van Driver: Ben Burton
Set PA: Lizi Latimer
Set PA: Shady Kerko
Set PA: Mac Pogue
Set PA: Dan Kim
Styling Team: Caitlin Harvey
Styling Team: Angelina Arena
Tailor: Thao Huynh
Styling Team: Chris Horan

Hair Stylist: Matt Benns
Hair Stylist Assistant: Austin Webber
Makeup by @YSLBeautyOfficial 
Makeup Artist: Raoul Alejandre
Makeup Assistant: Adanis Belliard
Makeup Assistant: Tiffany Rodriguez
Makeup Assistant: Shannon Rodriguez
Manicurist: Sonya Meesh
BTS: Tyrell Hampton
BTS Sound: Gunnar Nagle
Talent Security: Luke McNamara
Band Member: George Daniel
Band Member: A G Cook
Band Member: Finn Keane

Color House: Ethos Studio 
Colorist: Dante Pasquinelli 
Producer: Nat Tereshchenko 
Color assist: Annie Cater 
Head of Production: Sasha Pace 
MD/EP: Eliana Carranza-Pitcher 
Founder/EP: James Drew

VFX: Corduroy VFX 

Sound Design & Mix: Concret Form 

Title Design: Special Offer, Inc. 

Text 1-310-861-2831

https://charlixcx.com/
https://www.tiktok.com/@charlixcx 
https://www.instagram.com/charli_xcx
https://twitter.com/charli_xcx
https://www.youtube.com/@officialcharlixcx
https://facebook.com/charlixcxmusic

#Charlixcx #RockMusic #OfficialVideo","charli xcx, rock music, charli xcx - rock music, rock music - charli xcx, charli xcx rock music, rock music charli xcx",00:02:04,914559,52097,3936,https://i.ytimg.com/vi/ox1Eemj8FDo/maxresdefault.jpg,N/A
42,,,20,"Action_game, Role-playing_video_game, Video_game_culture, Action-adventure_game",2.99%,pt,42,UCQLu78OyzyKEF-IMeaFn2lQ,Kass e KR - Filmes,1080000,8fO3zvavpf8,2026-05-08T21:00:21Z,12.07 horas,Construímos uma Casa para os Aldeões no Minecraft!,"🧸 Compre os BONECOS DE KASS E KR: https://boxsugar.com.br/kass-e-kr/

📹 Visite nosso canal: https://www.youtube.com/@KasseKR

💌 Contato profissional: kassekr@pulliginfluencers.com.br","minecraft, kass e kr, vídeos de minecraft, minecraft brasil, minecraft engraçado, minecraft mod, minecraft trollagem, minecraft criativo, vídeo infantil minecraft, canal kass e kr",00:56:01,31551,926,18,https://i.ytimg.com/vi/8fO3zvavpf8/maxresdefault.jpg,BR
43,,,10,"Pop_music, Music_of_Latin_America, Music",2.91%,pt-PT,43,UCmefFmh-DKDUoxH67_b-5Vg,Solange Almeida,1480000,u8ELzNns0iQ,2026-05-08T15:01:01Z,18.06 horas,"Xote Dos Milagres/Xote da Alegria/Rindo À Toa - Solange Almeida, Tato (Sol João)","@bandafalamansa

Contato para shows: (85) 98133-2900
Ouça: 

Acompanhe a Sol
Instagram: https://www.instagram.com/solangealmeida/
Tiktok: https://www.tiktok.com/@solangealmeidaoficial
X: https://x.com/SolangeAlmeida
Facebook: https://www.facebook.com/SolAlmeidaa/?locale=pt_BR
Threads: https://www.threads.net/@solangealmeida 
Kwai: https://k.kwai.com/u/@solangealmeida/...

Xote dos Milagres/Xote Da Alegria/Rindo À Toa
(Tato)

FICHA TÉCNICA
Direção de fotografia: Eder Cundino
Direção Artística : Marcello Krauze
Direção geral: Monilton Moura 

MÚSICOS:
Mascarado - Bateria
Bellton - Percurssão
Elias Mearim - Sanfona
Marcio Mouzinho - Contrabaixo
Robson Douglas - Guitarra
Carlinhos Fofão - Teclados
Anderson Silva - Saxofone
Tito Bone - Trombone
Samuel Lima - Trompete
Jessica Gracy - Backing Vocal
Raffael Brandão - Backing Vocal

TÉCNICA:
Washington Miranda - Técnico de som (monitor)
Lucas Mix - Técnico de som (PA, mix e master)
Gedeoni Ferreira - Coord. Técnica 
Laerte Castro - Roadie
Marllon Silva - Roadie
Christian Neves - Produção geral e executiva

- STAFF:
Camila Paiva - Assessora artista (prod. artística)
Bruno Mendonça - Maquiador
Assessoria de imprensa - Júnior Farias",,00:06:27,23139,641,32,https://i.ytimg.com/vi/u8ELzNns0iQ/maxresdefault.jpg,BR
44,,,20,"Role-playing_video_game, Video_game_culture, Action-adventure_game, Action_game",6.81%,pt-BR,44,UCYtaoJSk9iIrFxx8eZB15ag,Robin Hood Gamer,22500000,b8E1RvImX2g,2026-05-09T00:11:12Z,8.89 horas,FIZEMOS UMA ARMADILHA CONTRA O IRRITADOR NO MINECRAFT!!,,"robin hood, minecraft, robin hood gamer, maniqueft, lego, minecraft robin hood, robin, beto, heydavi",00:20:50,26470,1667,136,https://i.ytimg.com/vi/b8E1RvImX2g/maxresdefault.jpg,BR
45,,,10,"Music, Music_of_Latin_America, Pop_music",1.25%,en-US,45,UCvW6D401uETeZuvMrNfgwdg,Pablo Oficial,5510000,miGWAwWj4KM,2026-05-06T15:00:06Z,66.08 horas,Pablo - Toma Uma Que Passa ( O Amor É Brega ),"#pablo #brega #arrocha 

Siga PABLO nas redes sociais!
Facebook: www.facebook.com/Pabloavozoficial
Youtube: www.youtube.com/Pabloavozromantica
Instagram: @pablo_oficial
Snap : Pabloavoz
Twitter: @pabloavoz

Toma Uma Que Passa
Fátima Leão

pare de chorar, enxugue o rosto
na esquina tem um posto
compre uma, tome agora

ficar lamentando não adianta
lágrima não cresce planta
quem mandou eu ir embora

se o lugar tá vago, bota outro
abraça e beija a boca
e gosta de fazer amor

bota uma coisa na cabeça
saudade não é doença
nem se cura com doutor

se a saudade bate e a solidão amordaça
toma uma que passa, toma uma que passa

se a saudade bate e a solidão amordaça
toma uma que passa, toma uma que passa

FICHA TÉCNICA
Direção Geral: Vini Coutinho
Direção Artística: Marcello Krauze
Direção Musical : Cássio Henrique
Direção de Fotografia: Chico Kertész - Macaco Gordo
#Pablo #OAmorÉBrega","Arrocha, Brega, Romântico, Pablo, Pablo do Arrocha, Pablo a voz romântica, arrocha, lamour, agora",00:02:40,81541,974,48,https://i.ytimg.com/vi/miGWAwWj4KM/maxresdefault.jpg,BR
46,,,20,"Action-adventure_game, Video_game_culture, Role-playing_video_game, Action_game",14.97%,pt-BR,46,UCAu_v9w-BXFtg1NAnB-JgVg,Apuh,1730000,pL-djXBziD8,2026-05-08T22:30:10Z,10.58 horas,FINALMENTE A FARM DE MINÉRIOS INFINITOS NO MINECRAFT - Crash Landing 2 - Ep.15,"🌐 REDES SOCIAIS 🌐
❤️ Canal de Minecraft: https://www.youtube.com/@Apuhzeetus
❤️ Canal de Games: https://www.youtube.com/@Apuuuh
❤️ Canal de Cortes: https://www.youtube.com/@ApuhCortesOFC
❤️ Canal de Lives: https://www.youtube.com/@Apuhzeetos
💜 Twitch: https://www.twitch.tv/apuhzeetos
💚 Kick: https://kick.com/apuhzeetos
💛 Instagram: https://www.instagram.com/apuhzeetos/
🖤 Tiktok: https://www.tiktok.com/@oapuhzeetos

🕒 Vídeos Novos TODOS OS DIAS:
👉 19 horas

🔥 SEJA MEMBRO 🔥
https://www.youtube.com/channel/UCAu_v9w-BXFtg1NAnB-JgVg/join

💖  Roupas do Canal: 
👉 https://www.lolja.com.br/apuh

📧 Email para contato: 
◽ apuh@pulliginfluencers.com.br

❤️ Amo Vocês! Da Laique ❤️","apuh, minecraft, crash landing, crash, land, landing, lend, crash landing 2, modpack, ep15",00:28:41,51146,7310,346,https://i.ytimg.com/vi/pL-djXBziD8/maxresdefault.jpg,BR
47,,,22,"Pop_music, Music, Music_of_Latin_America",0.59%,pt-PT,47,UCEOrFB20HlSLfdj29bCEQIQ,MAGUZINHO,3930,8OjpnFyWfhM,2026-05-04T15:00:24Z,114.07 horas,Maguzinho - Trajetória / Olha / Briga de Paixão / Lei do Coração (Ao Vivo Na Batuq),"O projeto ""Nova Trajetória (Ao Vivo Na Batuq), Vol.1"" já está disponível nas plataformas de streaming!

Escute agora: https://onerpm.link/nova-trajetoria

Em seu novo projeto, Maguzinho apresenta um repertório repleto de referências que transcendem as fronteiras do samba e do pagode tradicionais. O título ""Nova Trajetória"" não é por acaso: reflete o amadurecimento e o novo momento do artista na cena musical brasileira.

Gravado ao vivo na icônica Batuq, no Rio de Janeiro, este primeiro volume mescla clássicos do gênero com a identidade única de Maguzinho. O projeto traz ainda a participação especial de Yan, reforçando a união e a força do pagode carioca.

FICHA TÉCNICA 

Gestão Artística: ADPAR Produções
Direção Geral: Felipe Mazza, Camila Simonato e Éverton Varjao 
Produção Geral: Eduarda Alves  
Produção Artística e Executiva: Eduarda Alves
Produtor Técnico: Júlio César Militão
Técnico:  Raphael Miranda 
Rodiee: Pedro Henrique
Direção Musical: Duzinho Soares 
Produção Musical: Leandro Sapucahy e Duzinho Soares 
Arranjos: Duzinho Soares, Zazá, Nélio Jr. e David  dos Santos 
Gestão de Marketing: Noiz Ag
Gestão de Catálogo e A&R: HitSync
Fotos: Vitorugo de Souza e Allan França

Glauber Queiroz: Edições de Áudio  e Tune 
Tiago Gaúcho: Mixagem e Masterização
Japa Otto: Captação de Áudio
Raphael Miranda: Técnico de Monitor

BANDA
Isaque Eleutério: Bateria
Maicon Souza: Baixo
André Luiz: Violão
Leandro Lessa: Cavaco e Banjo
Bruno Mayor: Banjo
Nélio Jr. e Marcos Moog: Teclados
Dum: Tantan 
Patrick Lúcio: Pandeiro e Caixa 
Jorginho: Repique e Complementos
Rafael Tesoura: Reco
Wesley Alves: Surdo 
João Duarte: Percussão Geral 
Fabinho Carioca, Gabi D’Paula, Juan Max e Alan Souza: Coro

PRODUÇÃO DE VÍDEO

Produção: Lordbull Filmes 
Direção: Rômulo Menescal
Op de câmeras: Gustavo Fuly, Eduardo Panaro, Denis Freitas, Mauro Cominato, Guerra, Jucca lee, Evandro Barbosa
Grua: Renan Oliveira 
Assistente: Bruno Chiari, Thales 
Edição: Rômulo Menescal

Instagram: www.instagram.com/maguzinho
TikTok: www.tiktok.com/@maguzinho.oficial

#maguzinho #novatrajetória #samba #pagode",,00:06:53,46845,272,5,https://i.ytimg.com/vi/8OjpnFyWfhM/maxresdefault.jpg,N/A
48,,,20,"Simulation_video_game, Video_game_culture, Action-adventure_game, Role-playing_video_game",3.42%,pt-BR,48,UCebRa_3r9QtaTNpKvpTQ8Nw,KingOfYouTube,5100000,JetPVbWBqhY,2026-05-08T15:51:59Z,17.21 horas,EU VIREI MEU AMIGO no BROOKHAVEN,"VIRA MEMBRO, EU TE ADICIONO NO ROBLOX 💜
⭐ SEJA MEMBRO:
https://www.youtube.com/channel/UCebRa_3r9QtaTNpKvpTQ8Nw/join

💜 Me segue ai!
● Discord ➜ https://discord.gg/dS8kBptgJW
● Instagram ➜ https://www.instagram.com/kingofyoutube_
● Roblox ➜ https://www.roblox.com/groups/3957705

⭐ Contato Comercial
✉️ WelixComercial@gmail.com

⭐ Para Fãs
💌 WelixMensagens@gmail.com

——
Aurea Carmina de Kevin MacLeod é licenciada de acordo com a licença Atribuição 4.0 da Creative Commons. https://creativecommons.org/licenses/by/4.0/
Fonte: http://incompetech.com/music/royalty-free/index.html?isrc=USUAN1400006
Artista: http://incompetech.com/
——
Hitman de Kevin MacLeod é licenciada de acordo com a licença Atribuição 4.0 da Creative Commons. https://creativecommons.org/licenses/by/4.0/
Fonte: http://incompetech.com/music/royalty-free/index.html?isrc=USUAN1300013
Artista: http://incompetech.com/
—--
Day of Chaos de Kevin MacLeod é licenciada de acordo com a licença Atribuição 4.0 da Creative Commons. https://creativecommons.org/licenses/by/4.0/
Fonte: http://incompetech.com/music/royalty-free/index.html?isrc=USUAN1300040
Artista: http://incompetech.com/

#Roblox #RobloxBrasil #KingOfYouTube","segredo do brookhaven rp, segredo do brookhaven, dono do brookhaven, segredos do brookhaven, segredos da nova atualização do brookhaven, todos os segredos da atualização do brookhaven, todos os novos segredos da atualização do brookhaven, atualização do brookhaven, segredo do jogo brookhaven, videos do tik tok no brookhaven, segredos do tik tok brookhaven, vídeos do tik tok no brookhaven, lugares secretos do brookhaven, segredo do tik tok no brookhaven, novo segredo no brookhaven",00:11:08,66440,2078,196,https://i.ytimg.com/vi/JetPVbWBqhY/maxresdefault.jpg,BR
49,,,10,"Rhythm_and_blues, Music, Pop_music, Electronic_music, Hip_hop_music, Soul_music",0.10%,en,49,UCsC7u7bt6eipfvhlqHp66-g,Nocturne,20700,rtpMcPnxx8s,2026-05-03T23:31:18Z,129.56 horas,Justin Timberlake - Mirrors (Lyrics),"Justin Timberlake - Mirrors (Lyrics): 

⭐Follow Nocturne:
Instagram:  https://www.instagram.com/davcev/?hl=en
Spotify: https://www.instagram.com/davcev/?hl=en
🔴 Picture : https://lexica.art/ 

⭐Justin Timberlake:
Facebook: https://www.facebook.com/justintimberlake/
Spotify: https://open.spotify.com/artist/31TPClRtHm23RisEBtV3X7
Twitter: https://twitter.com/jtimberlake
Site: https://justintimberlake.com
Instagram: https://JustinTimberlake.lnk.to/followII
Youtube: https://JustinTimberlake.lnk.to/subscribeYD:

Lyrics:

[Verse 1]
Aren't you somethin' to admire?
'Cause your shine is somethin' like a mirror
And I can't help but notice
You reflect in this heart of mine
If you ever feel alone and
The glare makes me hard to find
Just know that I'm always
Parallel on the other side

[Pre-Chorus]
'Cause with your hand in my hand and a pocket full of soul
I can tell you there's no place we couldn't go
Just put your hand on the glass
I'll be tryna pull you through
You just gotta be strong

[Chorus]
'Cause I don't wanna lose you now
I'm lookin' right at the other half of me
The vacancy that sat in my heart
Is a space that now you hold
Show me how to fight for now
And I'll tell you, baby, it was easy
Comin' back here to you once I figured it out
You were right here all along

[Refrain]
It's like you're my mirror (Oh)
My mirror's staring back at me (Oh)
I couldn't get any bigger (Oh)
With anyone else beside me (Oh)
And now it's clear as this promise
That we're making
Two reflections into one
'Cause it's like you're my mirror (Oh)
My mirror's staring back at me, staring back at me

[Verse 2]
Aren't you somethin', an original?
'Cause it doesn't seem merely assembled
And I can't help but stare, 'cause
I see truth somewhere in your eyes
Ooh, I can't ever change without you
You reflect me, I love that about you
And if I could, I
Would look at us all the time

[Pre-Chorus]
'Cause with your hand in my hand and a pocket full of soul
I can tell you there's no place we couldn't go
Just put your hand on the glass
I'm here tryna pull you through
You just gotta be strong
[Chorus]
'Cause I don't wanna lose you now
I'm lookin' right at the other half of me
The vacancy that sat in my heart
Is a space that now you hold
Show me how to fight for now
And I'll tell you, baby, it was easy
Comin' back here to you once I figured it out
You were right here all along

[Refrain]
It's like you're my mirror (Oh)
My mirror's staring back at me (Oh)
I couldn't get any bigger (Oh)
With anyone else beside me (Oh)
And now it's clear as this promise
That we're making
Two reflections into one
'Cause it's like you're my mirror (Oh)
My mirror's staring back at me, staring back at me

[Bridge]
Yesterday is history, oh
Tomorrow's a mystery, oh
I can see you lookin' back at me
Keep your eyes on me
Baby, keep your eyes on me
[Chorus]
'Cause I don't wanna lose you now
I'm lookin' right at the other half of me
The vacancy that sat in my heart
Is a space that now you hold
Show me how to fight for now (You show me, baby)
And I'll tell you, baby, it was easy
Comin' back here to you once I figured it out
You were right here all along

[Refrain]
It's like you're my mirror (Oh)
My mirror's staring back at me (Oh)
I couldn't get any bigger (Oh)
With anyone else beside me (Oh)
And now it's clear as this promise
That we're making
Two reflections into one
'Cause it's like you're my mirror (Oh)
My mirror's staring back at me, staring back at me

[Break]
You are, you are the love of my life
You are, you are the love of my life
You are, you are the love of my life


[Verse 3]
Now, you're the inspiration of this precious song
And I just wanna see your face light up since you put me on
So now I say goodbye to the old me, it's already gone
And I can't wait, wait, wait, wait, wait to get you home
Just to let you know, you are

[Break]
You are, you are the love of my life
You are, you are the love of my life
You are, you are the love of my life

[Verse 4]
Girl, you're my reflection, all I see is you
My reflection in everything I do
You're my reflection and all I see is you
My reflection in everything I do

[Break]
You are, you are the love of my life
You are, you are the love of my life
You are, you are the love of my life
You are, you are the love of my life
You are, you are the love of my life
You are, you are the love of my life
You are, you are the love of my life
You are, you are the love of my life
You are, you are the love of my life
You are, you are the love of my life
You are, you are the love of my life
You are, you are the love of my life
You are, you are the love of my life
You are, you are the love of my life
You are, you are the love of my life
You are, you are the love of my life

Contact: nocturne.musicrecords@gmail.com
_________________________________________________
Justin Timberlake - Mirrors (Album Version)
Released 13/03/2013

#JustinTimberlake
#pop","mirrors, mirrors lyrics justin timberlake, justin timberlake lyrics mirrors, mirrors justin timberlake, justin timberlake lyrics, lyrics justin timberlake, mirrors lyrics, justin timberlake mirrors lyric video, justin timberlake mirrors lyrics, mirrors justin, mirrors justin timberlake lyrics, lyrics justin timberlake mirrors, Lyrics, R&B, Pop, Nocturne",00:08:05,78774,76,2,https://i.ytimg.com/vi/rtpMcPnxx8s/maxresdefault.jpg,US
